{
 "cells": [
  {
   "cell_type": "code",
   "execution_count": 1,
   "id": "9ef2a3c9",
   "metadata": {},
   "outputs": [],
   "source": [
    "#from bokeh.plotting import figure\n",
    "#from bokeh.io import show\n",
    "#import casadi as ca\n",
    "import numpy as np\n",
    "import pdb\n",
    "#from hilo_mpc import Model, NMPC, UKF, EKF, KF\n",
    "#from casadi import *\n",
    "\n",
    "\n",
    "import fire\n",
    "import matplotlib.pyplot as plt\n",
    "import torch\n",
    "import torch.optim.swa_utils as swa_utils\n",
    "import torchcde\n",
    "import torchsde\n",
    "from torch import nn\n",
    "import copy\n",
    "import matplotlib.pyplot as plt\n",
    "from torch import profiler\n",
    "from tqdm import tqdm\n",
    "import numpy as np\n",
    "from typing import Sequence\n",
    "import pdb\n",
    "from torchdiffeq import odeint\n",
    "\n",
    "\n",
    "import psutil\n",
    "import os\n",
    "import sys\n",
    "project_root = os.path.abspath(os.path.join(os.getcwd(), '..')) \n",
    "sys.path.append(project_root)  # Add folder_a to sys.path\n",
    "sys.path.append(os.path.join(project_root, '..', 'Networks'))  # Add folder_b to sys.path\n",
    "from Networks.utils import lqr, Kgain, batchsize_selector"
   ]
  },
  {
   "cell_type": "code",
   "execution_count": 3,
   "id": "74d421e8",
   "metadata": {},
   "outputs": [],
   "source": [
    "%store -r A\n",
    "%store -r B\n",
    "%store -r x00"
   ]
  },
  {
   "cell_type": "code",
   "execution_count": 5,
   "id": "5a0230f9",
   "metadata": {},
   "outputs": [
    {
     "data": {
      "text/plain": [
       "array([[-1.19665622, -0.37079744,  1.07381384],\n",
       "       [-0.42524635, -0.4841799 ,  0.30089813],\n",
       "       [ 0.08199243, -3.19808425,  1.17145638]])"
      ]
     },
     "execution_count": 5,
     "metadata": {},
     "output_type": "execute_result"
    }
   ],
   "source": [
    "A"
   ]
  },
  {
   "cell_type": "code",
   "execution_count": 7,
   "id": "2a8aebc3",
   "metadata": {},
   "outputs": [
    {
     "name": "stdout",
     "output_type": "stream",
     "text": [
      "[[ 0.98130225 -0.00579371  0.01677834]\n",
      " [-0.00664447  0.99243469  0.00470153]\n",
      " [ 0.00128113 -0.04997007  1.01830401]] [[ 0.00819216  0.01169372 -0.00376237]\n",
      " [-0.00511485  0.00656794  0.02106316]\n",
      " [ 0.00481927 -0.00675226  0.00305375]]\n"
     ]
    }
   ],
   "source": [
    "nsteps=64\n",
    "total=1\n",
    "dt=total/nsteps\n",
    "N=np.shape(x00)[0]\n",
    "Ac = A*dt + np.eye(N)\n",
    "Bc = B*dt\n",
    "\n",
    "print (Ac,Bc)\n",
    "\n",
    "Qfc = np.eye(N)\n",
    "Q = 0 *Qfc\n",
    "R = 0.2*np.eye(N)*dt"
   ]
  },
  {
   "cell_type": "code",
   "execution_count": 11,
   "id": "d9e5a65a",
   "metadata": {},
   "outputs": [
    {
     "name": "stdout",
     "output_type": "stream",
     "text": [
      "Stored 'optimal_control_input' (list)\n",
      "estimating kalman gain\n",
      "Stored 'kalman_gain' (list)\n"
     ]
    },
    {
     "data": {
      "text/plain": [
       "[array([[0., 0., 0.],\n",
       "        [0., 0., 0.],\n",
       "        [0., 0., 0.]]),\n",
       " array([[0.00024408, 0.        , 0.        ],\n",
       "        [0.        , 0.00024408, 0.        ],\n",
       "        [0.        , 0.        , 0.00024408]]),\n",
       " array([[ 4.79026757e-04, -2.97273304e-06,  4.54327955e-06],\n",
       "        [-2.97273304e-06,  4.84323891e-04, -1.09272399e-05],\n",
       "        [ 4.54327955e-06, -1.09272399e-05,  4.97600760e-04]]),\n",
       " array([[ 7.05265250e-04, -8.91213689e-06,  1.39827993e-05],\n",
       "        [-8.91213689e-06,  7.20612406e-04, -3.26677478e-05],\n",
       "        [ 1.39827993e-05, -3.26677478e-05,  7.61876551e-04]]),\n",
       " array([[ 9.23231201e-04, -1.78063081e-05,  2.86847741e-05],\n",
       "        [-1.78063081e-05,  9.52837417e-04, -6.50799684e-05],\n",
       "        [ 2.86847741e-05, -6.50799684e-05,  1.03824181e-03]]),\n",
       " array([[ 1.13336458e-03, -2.96370857e-05,  4.90273182e-05],\n",
       "        [-2.96370857e-05,  1.18089623e-03, -1.07994403e-04],\n",
       "        [ 4.90273182e-05, -1.07994403e-04,  1.32803913e-03]]),\n",
       " array([[ 1.33610935e-03, -4.43796066e-05,  7.53988152e-05],\n",
       "        [-4.43796066e-05,  1.40469213e-03, -1.61213185e-04],\n",
       "        [ 7.53988152e-05, -1.61213185e-04,  1.63261278e-03]]),\n",
       " array([[ 1.53191217e-03, -6.20018356e-05,  1.08195994e-04],\n",
       "        [-6.20018356e-05,  1.62413388e-03, -2.24509599e-04],\n",
       "        [ 1.08195994e-04, -2.24509599e-04,  1.95330049e-03]]),\n",
       " array([[ 1.72122106e-03, -8.24640749e-05,  1.47821689e-04],\n",
       "        [-8.24640749e-05,  1.83913535e-03, -2.97627565e-04],\n",
       "        [ 1.47821689e-04, -2.97627565e-04,  2.29142460e-03]]),\n",
       " array([[ 0.00190448, -0.00010572,  0.00019468],\n",
       "        [-0.00010572,  0.00204962, -0.00038028],\n",
       "        [ 0.00019468, -0.00038028,  0.00264828]]),\n",
       " array([[ 0.00208215, -0.00013171,  0.00024918],\n",
       "        [-0.00013171,  0.0022555 , -0.00047215],\n",
       "        [ 0.00024918, -0.00047215,  0.00302514]]),\n",
       " array([[ 0.00225466, -0.00016037,  0.00031173],\n",
       "        [-0.00016037,  0.00245671, -0.0005729 ],\n",
       "        [ 0.00031173, -0.0005729 ,  0.0034232 ]]),\n",
       " array([[ 0.00242245, -0.00019162,  0.00038273],\n",
       "        [-0.00019162,  0.00265318, -0.00068214],\n",
       "        [ 0.00038273, -0.00068214,  0.00384363]]),\n",
       " array([[ 0.00258596, -0.00022539,  0.00046255],\n",
       "        [-0.00022539,  0.00284484, -0.00079946],\n",
       "        [ 0.00046255, -0.00079946,  0.00428751]]),\n",
       " array([[ 0.00274562, -0.00026156,  0.00055158],\n",
       "        [-0.00026156,  0.00303164, -0.00092442],\n",
       "        [ 0.00055158, -0.00092442,  0.00475585]]),\n",
       " array([[ 0.00290184, -0.00030004,  0.00065018],\n",
       "        [-0.00030004,  0.00321352, -0.00105655],\n",
       "        [ 0.00065018, -0.00105655,  0.00524955]]),\n",
       " array([[ 0.00305503, -0.00034071,  0.00075866],\n",
       "        [-0.00034071,  0.00339042, -0.00119534],\n",
       "        [ 0.00075866, -0.00119534,  0.0057694 ]]),\n",
       " array([[ 0.00320558, -0.00038344,  0.00087734],\n",
       "        [-0.00038344,  0.0035623 , -0.00134027],\n",
       "        [ 0.00087734, -0.00134027,  0.00631607]]),\n",
       " array([[ 0.00335388, -0.00042808,  0.00100648],\n",
       "        [-0.00042808,  0.00372913, -0.00149075],\n",
       "        [ 0.00100648, -0.00149075,  0.00689008]]),\n",
       " array([[ 0.00350028, -0.00047449,  0.00114631],\n",
       "        [-0.00047449,  0.00389085, -0.00164621],\n",
       "        [ 0.00114631, -0.00164621,  0.00749182]]),\n",
       " array([[ 0.00364513, -0.0005225 ,  0.00129701],\n",
       "        [-0.0005225 ,  0.00404744, -0.00180601],\n",
       "        [ 0.00129701, -0.00180601,  0.00812149]]),\n",
       " array([[ 0.00378875, -0.00057193,  0.00145872],\n",
       "        [-0.00057193,  0.00419889, -0.00196952],\n",
       "        [ 0.00145872, -0.00196952,  0.00877913]]),\n",
       " array([[ 0.00393144, -0.00062261,  0.00163152],\n",
       "        [-0.00062261,  0.00434516, -0.00213608],\n",
       "        [ 0.00163152, -0.00213608,  0.00946457]]),\n",
       " array([[ 0.00407349, -0.00067432,  0.00181542],\n",
       "        [-0.00067432,  0.00448626, -0.00230499],\n",
       "        [ 0.00181542, -0.00230499,  0.01017747]]),\n",
       " array([[ 0.00421513, -0.00072688,  0.00201038],\n",
       "        [-0.00072688,  0.0046222 , -0.00247556],\n",
       "        [ 0.00201038, -0.00247556,  0.01091725]]),\n",
       " array([[ 0.00435659, -0.00078007,  0.00221629],\n",
       "        [-0.00078007,  0.00475297, -0.00264709],\n",
       "        [ 0.00221629, -0.00264709,  0.01168315]]),\n",
       " array([[ 0.00449806, -0.00083367,  0.00243296],\n",
       "        [-0.00083367,  0.0048786 , -0.00281885],\n",
       "        [ 0.00243296, -0.00281885,  0.01247419]]),\n",
       " array([[ 0.0046397 , -0.00088746,  0.00266014],\n",
       "        [-0.00088746,  0.00499913, -0.00299015],\n",
       "        [ 0.00266014, -0.00299015,  0.01328915]]),\n",
       " array([[ 0.00478165, -0.00094121,  0.00289749],\n",
       "        [-0.00094121,  0.00511461, -0.00316026],\n",
       "        [ 0.00289749, -0.00316026,  0.01412664]]),\n",
       " array([[ 0.004924  , -0.00099469,  0.00314463],\n",
       "        [-0.00099469,  0.00522508, -0.00332849],\n",
       "        [ 0.00314463, -0.00332849,  0.01498503]]),\n",
       " array([[ 0.00506681, -0.00104768,  0.00340105],\n",
       "        [-0.00104768,  0.00533062, -0.00349417],\n",
       "        [ 0.00340105, -0.00349417,  0.01586251]]),\n",
       " array([[ 0.00521011, -0.00109995,  0.00366623],\n",
       "        [-0.00109995,  0.00543132, -0.00365664],\n",
       "        [ 0.00366623, -0.00365664,  0.01675709]]),\n",
       " array([[ 0.00535391, -0.00115129,  0.00393953],\n",
       "        [-0.00115129,  0.00552726, -0.00381526],\n",
       "        [ 0.00393953, -0.00381526,  0.0176666 ]]),\n",
       " array([[ 0.00549817, -0.00120147,  0.00422028],\n",
       "        [-0.00120147,  0.00561855, -0.00396945],\n",
       "        [ 0.00422028, -0.00396945,  0.01858874]]),\n",
       " array([[ 0.00564283, -0.0012503 ,  0.00450774],\n",
       "        [-0.0012503 ,  0.00570532, -0.00411865],\n",
       "        [ 0.00450774, -0.00411865,  0.01952106]]),\n",
       " array([[ 0.0057878 , -0.00129757,  0.00480111],\n",
       "        [-0.00129757,  0.00578769, -0.00426235],\n",
       "        [ 0.00480111, -0.00426235,  0.02046103]]),\n",
       " array([[ 0.00593296, -0.00134311,  0.00509956],\n",
       "        [-0.00134311,  0.0058658 , -0.0044001 ],\n",
       "        [ 0.00509956, -0.0044001 ,  0.02140604]]),\n",
       " array([[ 0.00607816, -0.00138676,  0.00540221],\n",
       "        [-0.00138676,  0.00593982, -0.00453149],\n",
       "        [ 0.00540221, -0.00453149,  0.02235341]]),\n",
       " array([[ 0.00622326, -0.00142835,  0.00570816],\n",
       "        [-0.00142835,  0.00600989, -0.00465617],\n",
       "        [ 0.00570816, -0.00465617,  0.02330045]]),\n",
       " array([[ 0.00636805, -0.00146776,  0.0060165 ],\n",
       "        [-0.00146776,  0.00607619, -0.00477385],\n",
       "        [ 0.0060165 , -0.00477385,  0.02424449]]),\n",
       " array([[ 0.00651235, -0.00150486,  0.00632629],\n",
       "        [-0.00150486,  0.00613889, -0.00488431],\n",
       "        [ 0.00632629, -0.00488431,  0.02518288]]),\n",
       " array([[ 0.00665595, -0.00153957,  0.00663661],\n",
       "        [-0.00153957,  0.00619817, -0.00498737],\n",
       "        [ 0.00663661, -0.00498737,  0.02611304]]),\n",
       " array([[ 0.00679864, -0.00157181,  0.00694653],\n",
       "        [-0.00157181,  0.00625421, -0.00508293],\n",
       "        [ 0.00694653, -0.00508293,  0.02703247]]),\n",
       " array([[ 0.00694018, -0.00160151,  0.00725516],\n",
       "        [-0.00160151,  0.0063072 , -0.00517094],\n",
       "        [ 0.00725516, -0.00517094,  0.02793879]]),\n",
       " array([[ 0.00708036, -0.00162865,  0.00756163],\n",
       "        [-0.00162865,  0.00635733, -0.0052514 ],\n",
       "        [ 0.00756163, -0.0052514 ,  0.02882976]]),\n",
       " array([[ 0.00721895, -0.0016532 ,  0.0078651 ],\n",
       "        [-0.0016532 ,  0.00640478, -0.00532438],\n",
       "        [ 0.0078651 , -0.00532438,  0.02970327]]),\n",
       " array([[ 0.00735574, -0.00167516,  0.00816478],\n",
       "        [-0.00167516,  0.00644973, -0.00539   ],\n",
       "        [ 0.00816478, -0.00539   ,  0.03055741]]),\n",
       " array([[ 0.0074905 , -0.00169455,  0.00845992],\n",
       "        [-0.00169455,  0.00649236, -0.00544842],\n",
       "        [ 0.00845992, -0.00544842,  0.03139043]]),\n",
       " array([[ 0.00762305, -0.0017114 ,  0.00874982],\n",
       "        [-0.0017114 ,  0.00653284, -0.00549984],\n",
       "        [ 0.00874982, -0.00549984,  0.03220077]]),\n",
       " array([[ 0.00775319, -0.00172578,  0.00903387],\n",
       "        [-0.00172578,  0.00657135, -0.0055445 ],\n",
       "        [ 0.00903387, -0.0055445 ,  0.03298708]]),\n",
       " array([[ 0.00788074, -0.00173773,  0.00931148],\n",
       "        [-0.00173773,  0.00660804, -0.00558269],\n",
       "        [ 0.00931148, -0.00558269,  0.0337482 ]]),\n",
       " array([[ 0.00800554, -0.00174734,  0.00958214],\n",
       "        [-0.00174734,  0.00664307, -0.0056147 ],\n",
       "        [ 0.00958214, -0.0056147 ,  0.03448317]]),\n",
       " array([[ 0.00812744, -0.00175469,  0.00984541],\n",
       "        [-0.00175469,  0.00667659, -0.00564086],\n",
       "        [ 0.00984541, -0.00564086,  0.03519123]]),\n",
       " array([[ 0.00824632, -0.00175988,  0.01010091],\n",
       "        [-0.00175988,  0.00670872, -0.00566152],\n",
       "        [ 0.01010091, -0.00566152,  0.03587181]]),\n",
       " array([[ 0.00836205, -0.00176302,  0.01034832],\n",
       "        [-0.00176302,  0.0067396 , -0.00567703],\n",
       "        [ 0.01034832, -0.00567703,  0.03652453]]),\n",
       " array([[ 0.00847455, -0.00176422,  0.01058737],\n",
       "        [-0.00176422,  0.00676935, -0.00568776],\n",
       "        [ 0.01058737, -0.00568776,  0.03714917]]),\n",
       " array([[ 0.00858374, -0.00176358,  0.01081788],\n",
       "        [-0.00176358,  0.00679807, -0.00569409],\n",
       "        [ 0.01081788, -0.00569409,  0.0377457 ]]),\n",
       " array([[ 0.00868956, -0.00176124,  0.01103971],\n",
       "        [-0.00176124,  0.00682587, -0.00569638],\n",
       "        [ 0.01103971, -0.00569638,  0.03831421]]),\n",
       " array([[ 0.00879197, -0.00175732,  0.01125276],\n",
       "        [-0.00175732,  0.00685283, -0.005695  ],\n",
       "        [ 0.01125276, -0.005695  ,  0.03885495]]),\n",
       " array([[ 0.00889092, -0.00175193,  0.011457  ],\n",
       "        [-0.00175193,  0.00687904, -0.00569031],\n",
       "        [ 0.011457  , -0.00569031,  0.03936829]]),\n",
       " array([[ 0.00898643, -0.00174519,  0.01165244],\n",
       "        [-0.00174519,  0.00690456, -0.00568267],\n",
       "        [ 0.01165244, -0.00568267,  0.03985471]]),\n",
       " array([[ 0.00907848, -0.00173723,  0.01183913],\n",
       "        [-0.00173723,  0.00692947, -0.0056724 ],\n",
       "        [ 0.01183913, -0.0056724 ,  0.04031479]]),\n",
       " array([[ 0.00916709, -0.00172816,  0.01201716],\n",
       "        [-0.00172816,  0.00695382, -0.00565985],\n",
       "        [ 0.01201716, -0.00565985,  0.04074921]]),\n",
       " array([[ 0.00925228, -0.0017181 ,  0.01218665],\n",
       "        [-0.0017181 ,  0.00697765, -0.00564533],\n",
       "        [ 0.01218665, -0.00564533,  0.0411587 ]])]"
      ]
     },
     "execution_count": 11,
     "metadata": {},
     "output_type": "execute_result"
    }
   ],
   "source": [
    "\n",
    "actual_state_x = x00\n",
    "desired_state_xf=0*x00\n",
    "optimal_control_input = lqr(actual_state_x, \n",
    "                                        desired_state_xf, \n",
    "                                        Q, R, Ac, Bc, nsteps, Qfc)\n",
    "%store optimal_control_input\n",
    "\n",
    "print('estimating kalman gain')\n",
    "P0= np.array([[ 0., -0.,  0.], [-0.,  0., -0.], [ 0., -0.,  0.]])\n",
    "kalman_gain=Kgain(Ac,Bc,0.1,0.1,x00, nsteps,total,P0)\n",
    "%store kalman_gain\n",
    "kalman_gain"
   ]
  },
  {
   "cell_type": "code",
   "execution_count": 15,
   "id": "800fd77d",
   "metadata": {},
   "outputs": [
    {
     "name": "stderr",
     "output_type": "stream",
     "text": [
      "  0%|          | 0/11 [00:00<?, ?it/s]\n",
      "  0%|          | 0/11 [00:00<?, ?it/s]\u001b[A\n",
      "\n",
      "100%|██████████| 1/1 [00:00<00:00, 1326.47it/s]\n"
     ]
    },
    {
     "name": "stdout",
     "output_type": "stream",
     "text": [
      "1.767912644505193\n",
      "0.15477566155739975\n",
      "1.9226883060625926\n",
      "0.0\n"
     ]
    },
    {
     "name": "stderr",
     "output_type": "stream",
     "text": [
      "\n",
      "\n",
      "100%|██████████| 1/1 [00:00<00:00, 1474.79it/s]\n"
     ]
    },
    {
     "name": "stdout",
     "output_type": "stream",
     "text": [
      "1.767912644505193\n",
      "0.15477566155739975\n",
      "1.9226883060625926\n",
      "0.0\n"
     ]
    },
    {
     "name": "stderr",
     "output_type": "stream",
     "text": [
      "\n",
      "\n",
      "100%|██████████| 1/1 [00:00<00:00, 1618.17it/s]\n"
     ]
    },
    {
     "name": "stdout",
     "output_type": "stream",
     "text": [
      "1.767912644505193\n",
      "0.15477566155739975\n",
      "1.9226883060625926\n",
      "0.0\n"
     ]
    },
    {
     "name": "stderr",
     "output_type": "stream",
     "text": [
      "\n",
      "\n",
      "100%|██████████| 1/1 [00:00<00:00, 1483.13it/s]\n"
     ]
    },
    {
     "name": "stdout",
     "output_type": "stream",
     "text": [
      "1.767912644505193\n",
      "0.15477566155739975\n",
      "1.9226883060625926\n",
      "0.0\n"
     ]
    },
    {
     "name": "stderr",
     "output_type": "stream",
     "text": [
      "\n",
      "\n",
      "100%|██████████| 1/1 [00:00<00:00, 1478.43it/s]\n"
     ]
    },
    {
     "name": "stdout",
     "output_type": "stream",
     "text": [
      "1.767912644505193\n",
      "0.15477566155739975\n",
      "1.9226883060625926\n",
      "0.0\n"
     ]
    },
    {
     "name": "stderr",
     "output_type": "stream",
     "text": [
      "\n",
      "\n",
      "100%|██████████| 1/1 [00:00<00:00, 1509.29it/s]\n"
     ]
    },
    {
     "name": "stdout",
     "output_type": "stream",
     "text": [
      "1.767912644505193\n",
      "0.15477566155739975\n",
      "1.9226883060625926\n",
      "0.0\n"
     ]
    },
    {
     "name": "stderr",
     "output_type": "stream",
     "text": [
      "\n",
      "\n",
      "100%|██████████| 1/1 [00:00<00:00, 1661.77it/s]\n"
     ]
    },
    {
     "name": "stdout",
     "output_type": "stream",
     "text": [
      "1.767912644505193\n",
      "0.15477566155739975\n",
      "1.9226883060625926\n",
      "0.0\n"
     ]
    },
    {
     "name": "stderr",
     "output_type": "stream",
     "text": [
      "\n",
      "\n",
      "100%|██████████| 1/1 [00:00<00:00, 1648.06it/s]\n"
     ]
    },
    {
     "name": "stdout",
     "output_type": "stream",
     "text": [
      "1.767912644505193\n",
      "0.15477566155739975\n",
      "1.9226883060625926\n",
      "0.0\n"
     ]
    },
    {
     "name": "stderr",
     "output_type": "stream",
     "text": [
      "\n",
      "\n",
      "100%|██████████| 1/1 [00:00<00:00, 1479.99it/s]\n"
     ]
    },
    {
     "name": "stdout",
     "output_type": "stream",
     "text": [
      "1.767912644505193\n",
      "0.15477566155739975\n",
      "1.9226883060625926\n",
      "0.0\n"
     ]
    },
    {
     "name": "stderr",
     "output_type": "stream",
     "text": [
      "\n",
      "\n",
      "100%|██████████| 1/1 [00:00<00:00, 1666.39it/s]\n"
     ]
    },
    {
     "name": "stdout",
     "output_type": "stream",
     "text": [
      "1.767912644505193\n",
      "0.15477566155739975\n",
      "1.9226883060625926\n",
      "0.0\n"
     ]
    },
    {
     "name": "stderr",
     "output_type": "stream",
     "text": [
      "\n",
      "\n",
      "100%|██████████| 1/1 [00:00<00:00, 1504.95it/s]\n",
      "100%|██████████| 11/11 [00:00<00:00, 584.25it/s]\n"
     ]
    },
    {
     "name": "stdout",
     "output_type": "stream",
     "text": [
      "1.767912644505193\n",
      "0.15477566155739975\n",
      "1.9226883060625926\n",
      "0.0\n"
     ]
    },
    {
     "name": "stderr",
     "output_type": "stream",
     "text": [
      "\n",
      "  0%|          | 0/11 [00:00<?, ?it/s]\u001b[A\n",
      "\n",
      "  0%|          | 0/640 [00:00<?, ?it/s]\u001b[A\u001b[A\n",
      "\n",
      " 21%|██▏       | 136/640 [00:00<00:00, 1356.33it/s]\u001b[A\u001b[A\n",
      "\n",
      " 42%|████▎     | 272/640 [00:00<00:00, 1266.64it/s]\u001b[A\u001b[A\n",
      "\n",
      " 64%|██████▍   | 410/640 [00:00<00:00, 1313.87it/s]\u001b[A\u001b[A\n",
      "\n",
      "100%|██████████| 640/640 [00:00<00:00, 1324.39it/s]\u001b[A\u001b[A\n",
      "\n",
      "  9%|▉         | 1/11 [00:00<00:04,  2.06it/s]\u001b[A"
     ]
    },
    {
     "name": "stdout",
     "output_type": "stream",
     "text": [
      "1.776837130141692\n",
      "0.1599145224998304\n",
      "1.9367516526415218\n",
      "0.0\n",
      "estimating kalman gain\n"
     ]
    },
    {
     "name": "stderr",
     "output_type": "stream",
     "text": [
      "\n",
      "\n",
      "  0%|          | 0/768 [00:00<?, ?it/s]\u001b[A\u001b[A\n",
      "\n",
      " 11%|█▏        | 88/768 [00:00<00:00, 876.78it/s]\u001b[A\u001b[A\n",
      "\n",
      " 23%|██▎       | 176/768 [00:00<00:00, 876.04it/s]\u001b[A\u001b[A\n",
      "\n",
      " 35%|███▍      | 267/768 [00:00<00:00, 886.95it/s]\u001b[A\u001b[A\n",
      "\n",
      " 46%|████▋     | 356/768 [00:00<00:00, 871.66it/s]\u001b[A\u001b[A\n",
      "\n",
      " 58%|█████▊    | 446/768 [00:00<00:00, 879.44it/s]\u001b[A\u001b[A\n",
      "\n",
      " 70%|██████▉   | 534/768 [00:00<00:00, 865.11it/s]\u001b[A\u001b[A\n",
      "\n",
      " 81%|████████  | 621/768 [00:00<00:00, 865.68it/s]\u001b[A\u001b[A\n",
      "\n",
      "100%|██████████| 768/768 [00:00<00:00, 875.40it/s]\u001b[A\u001b[A\n",
      "\n",
      " 18%|█▊        | 2/11 [00:01<00:06,  1.39it/s]\u001b[A"
     ]
    },
    {
     "name": "stdout",
     "output_type": "stream",
     "text": [
      "1.7784344348252328\n",
      "0.2161309720165917\n",
      "1.9945654068418246\n",
      "0.018681120381077818\n",
      "estimating kalman gain\n"
     ]
    },
    {
     "name": "stderr",
     "output_type": "stream",
     "text": [
      "\n",
      "\n",
      "  0%|          | 0/896 [00:00<?, ?it/s]\u001b[A\u001b[A\n",
      "\n",
      "  9%|▉         | 80/896 [00:00<00:01, 795.71it/s]\u001b[A\u001b[A\n",
      "\n",
      " 19%|█▉        | 169/896 [00:00<00:00, 848.14it/s]\u001b[A\u001b[A\n",
      "\n",
      " 28%|██▊       | 254/896 [00:00<00:00, 848.69it/s]\u001b[A\u001b[A\n",
      "\n",
      " 38%|███▊      | 344/896 [00:00<00:00, 867.97it/s]\u001b[A\u001b[A\n",
      "\n",
      " 48%|████▊     | 431/896 [00:00<00:00, 862.59it/s]\u001b[A\u001b[A\n",
      "\n",
      " 58%|█████▊    | 519/896 [00:00<00:00, 867.72it/s]\u001b[A\u001b[A\n",
      "\n",
      " 68%|██████▊   | 609/896 [00:00<00:00, 876.48it/s]\u001b[A\u001b[A\n",
      "\n",
      " 78%|███████▊  | 698/896 [00:00<00:00, 879.25it/s]\u001b[A\u001b[A\n",
      "\n",
      " 88%|████████▊ | 788/896 [00:00<00:00, 882.93it/s]\u001b[A\u001b[A\n",
      "\n",
      "100%|██████████| 896/896 [00:01<00:00, 869.41it/s]\u001b[A\u001b[A\n",
      "\n",
      " 27%|██▋       | 3/11 [00:02<00:06,  1.16it/s]\u001b[A"
     ]
    },
    {
     "name": "stdout",
     "output_type": "stream",
     "text": [
      "1.7721880806182244\n",
      "0.23615993541596808\n",
      "2.008348016034192\n",
      "0.02405758604670426\n",
      "estimating kalman gain\n"
     ]
    },
    {
     "name": "stderr",
     "output_type": "stream",
     "text": [
      "\n",
      "\n",
      "  0%|          | 0/1024 [00:00<?, ?it/s]\u001b[A\u001b[A\n",
      "\n",
      "  8%|▊         | 87/1024 [00:00<00:01, 866.40it/s]\u001b[A\u001b[A\n",
      "\n",
      " 17%|█▋        | 176/1024 [00:00<00:00, 874.73it/s]\u001b[A\u001b[A\n",
      "\n",
      " 26%|██▌       | 266/1024 [00:00<00:00, 884.61it/s]\u001b[A\u001b[A\n",
      "\n",
      " 35%|███▍      | 355/1024 [00:00<00:00, 735.28it/s]\u001b[A\u001b[A\n",
      "\n",
      " 43%|████▎     | 438/1024 [00:00<00:00, 764.08it/s]\u001b[A\u001b[A\n",
      "\n",
      " 51%|█████▏    | 526/1024 [00:00<00:00, 799.58it/s]\u001b[A\u001b[A\n",
      "\n",
      " 60%|█████▉    | 613/1024 [00:00<00:00, 820.74it/s]\u001b[A\u001b[A\n",
      "\n",
      " 68%|██████▊   | 697/1024 [00:00<00:00, 725.21it/s]\u001b[A\u001b[A\n",
      "\n",
      " 76%|███████▋  | 782/1024 [00:01<00:00, 758.39it/s]\u001b[A\u001b[A\n",
      "\n",
      " 85%|████████▌ | 872/1024 [00:01<00:00, 795.86it/s]\u001b[A\u001b[A\n",
      "\n",
      "100%|██████████| 1024/1024 [00:01<00:00, 804.35it/s][A\u001b[A\n",
      "\n",
      " 36%|███▋      | 4/11 [00:03<00:07,  1.03s/it]\u001b[A"
     ]
    },
    {
     "name": "stdout",
     "output_type": "stream",
     "text": [
      "1.770256567113376\n",
      "0.2511558565019354\n",
      "2.0214124236153115\n",
      "0.027292495063642973\n",
      "estimating kalman gain\n"
     ]
    },
    {
     "name": "stderr",
     "output_type": "stream",
     "text": [
      "\n",
      "\n",
      "  0%|          | 0/1152 [00:00<?, ?it/s]\u001b[A\u001b[A\n",
      "\n",
      "  7%|▋         | 82/1152 [00:00<00:01, 819.14it/s]\u001b[A\u001b[A\n",
      "\n",
      " 14%|█▍        | 167/1152 [00:00<00:01, 835.45it/s]\u001b[A\u001b[A\n",
      "\n",
      " 22%|██▏       | 256/1152 [00:00<00:01, 856.23it/s]\u001b[A\u001b[A\n",
      "\n",
      " 30%|███       | 347/1152 [00:00<00:00, 874.91it/s]\u001b[A\u001b[A\n",
      "\n",
      " 38%|███▊      | 438/1152 [00:00<00:00, 885.28it/s]\u001b[A\u001b[A\n",
      "\n",
      " 46%|████▌     | 528/1152 [00:00<00:00, 889.28it/s]\u001b[A\u001b[A\n",
      "\n",
      " 54%|█████▎    | 619/1152 [00:00<00:00, 895.61it/s]\u001b[A\u001b[A\n",
      "\n",
      " 62%|██████▏   | 709/1152 [00:00<00:00, 896.94it/s]\u001b[A\u001b[A\n",
      "\n",
      " 69%|██████▉   | 799/1152 [00:00<00:00, 870.10it/s]\u001b[A\u001b[A\n",
      "\n",
      " 77%|███████▋  | 887/1152 [00:01<00:00, 854.81it/s]\u001b[A\u001b[A\n",
      "\n",
      " 84%|████████▍ | 973/1152 [00:01<00:00, 808.49it/s]\u001b[A\u001b[A\n",
      "\n",
      " 92%|█████████▏| 1055/1152 [00:01<00:00, 809.42it/s]\u001b[A\u001b[A\n",
      "\n",
      "100%|██████████| 1152/1152 [00:01<00:00, 845.28it/s]\u001b[A\u001b[A\n",
      "\n",
      " 45%|████▌     | 5/11 [00:05<00:06,  1.15s/it]\u001b[A"
     ]
    },
    {
     "name": "stdout",
     "output_type": "stream",
     "text": [
      "1.7693912273910608\n",
      "0.2583591432964696\n",
      "2.02775037068753\n",
      "0.03043680746775907\n",
      "estimating kalman gain\n"
     ]
    },
    {
     "name": "stderr",
     "output_type": "stream",
     "text": [
      "\n",
      "\n",
      "  0%|          | 0/1280 [00:00<?, ?it/s]\u001b[A\u001b[A\n",
      "\n",
      "  6%|▋         | 83/1280 [00:00<00:01, 818.41it/s]\u001b[A\u001b[A\n",
      "\n",
      " 13%|█▎        | 165/1280 [00:00<00:01, 818.59it/s]\u001b[A\u001b[A\n",
      "\n",
      " 20%|█▉        | 255/1280 [00:00<00:01, 852.18it/s]\u001b[A\u001b[A\n",
      "\n",
      " 27%|██▋       | 341/1280 [00:00<00:01, 835.26it/s]\u001b[A\u001b[A\n",
      "\n",
      " 34%|███▎      | 431/1280 [00:00<00:00, 854.94it/s]\u001b[A\u001b[A\n",
      "\n",
      " 41%|████      | 521/1280 [00:00<00:00, 868.10it/s]\u001b[A\u001b[A\n",
      "\n",
      " 48%|████▊     | 608/1280 [00:00<00:00, 848.09it/s]\u001b[A\u001b[A\n",
      "\n",
      " 54%|█████▍    | 697/1280 [00:00<00:00, 860.22it/s]\u001b[A\u001b[A\n",
      "\n",
      " 61%|██████▏   | 784/1280 [00:00<00:00, 844.13it/s]\u001b[A\u001b[A\n",
      "\n",
      " 68%|██████▊   | 869/1280 [00:01<00:00, 834.01it/s]\u001b[A\u001b[A\n",
      "\n",
      " 74%|███████▍  | 953/1280 [00:01<00:00, 821.20it/s]\u001b[A\u001b[A\n",
      "\n",
      " 81%|████████▏ | 1040/1280 [00:01<00:00, 833.08it/s]\u001b[A\u001b[A\n",
      "\n",
      " 88%|████████▊ | 1130/1280 [00:01<00:00, 850.77it/s]\u001b[A\u001b[A\n",
      "\n",
      "100%|██████████| 1280/1280 [00:01<00:00, 849.19it/s]\u001b[A\u001b[A\n",
      "\n",
      " 55%|█████▍    | 6/11 [00:06<00:06,  1.27s/it]\u001b[A"
     ]
    },
    {
     "name": "stdout",
     "output_type": "stream",
     "text": [
      "1.7689776267201474\n",
      "0.26021154600773466\n",
      "2.0291891727278815\n",
      "0.030068516213510265\n",
      "estimating kalman gain\n"
     ]
    },
    {
     "name": "stderr",
     "output_type": "stream",
     "text": [
      "\n",
      "\n",
      "  0%|          | 0/1408 [00:00<?, ?it/s]\u001b[A\u001b[A\n",
      "\n",
      "  6%|▋         | 90/1408 [00:00<00:01, 895.17it/s]\u001b[A\u001b[A\n",
      "\n",
      " 13%|█▎        | 180/1408 [00:00<00:01, 835.99it/s]\u001b[A\u001b[A\n",
      "\n",
      " 19%|█▉        | 265/1408 [00:00<00:01, 838.70it/s]\u001b[A\u001b[A\n",
      "\n",
      " 25%|██▌       | 354/1408 [00:00<00:01, 857.15it/s]\u001b[A\u001b[A\n",
      "\n",
      " 32%|███▏      | 444/1408 [00:00<00:01, 871.88it/s]\u001b[A\u001b[A\n",
      "\n",
      " 38%|███▊      | 533/1408 [00:00<00:00, 877.47it/s]\u001b[A\u001b[A\n",
      "\n",
      " 44%|████▍     | 623/1408 [00:00<00:00, 883.56it/s]\u001b[A\u001b[A\n",
      "\n",
      " 51%|█████     | 712/1408 [00:00<00:00, 851.95it/s]\u001b[A\u001b[A\n",
      "\n",
      " 57%|█████▋    | 798/1408 [00:00<00:00, 837.04it/s]\u001b[A\u001b[A\n",
      "\n",
      " 63%|██████▎   | 887/1408 [00:01<00:00, 851.83it/s]\u001b[A\u001b[A\n",
      "\n",
      " 69%|██████▉   | 973/1408 [00:01<00:00, 831.63it/s]\u001b[A\u001b[A\n",
      "\n",
      " 75%|███████▌  | 1062/1408 [00:01<00:00, 847.15it/s]\u001b[A\u001b[A\n",
      "\n",
      " 82%|████████▏ | 1150/1408 [00:01<00:00, 855.33it/s]\u001b[A\u001b[A\n",
      "\n",
      " 88%|████████▊ | 1241/1408 [00:01<00:00, 868.16it/s]\u001b[A\u001b[A\n",
      "\n",
      "100%|██████████| 1408/1408 [00:01<00:00, 857.53it/s]\u001b[A\u001b[A\n",
      "\n",
      " 64%|██████▎   | 7/11 [00:08<00:05,  1.40s/it]\u001b[A"
     ]
    },
    {
     "name": "stdout",
     "output_type": "stream",
     "text": [
      "1.7685129439149316\n",
      "0.2645996671241679\n",
      "2.0331126110390993\n",
      "0.03100167240010713\n",
      "estimating kalman gain\n"
     ]
    },
    {
     "name": "stderr",
     "output_type": "stream",
     "text": [
      "\n",
      "\n",
      "  0%|          | 0/1536 [00:00<?, ?it/s]\u001b[A\u001b[A\n",
      "\n",
      "  6%|▌         | 91/1536 [00:00<00:01, 909.25it/s]\u001b[A\u001b[A\n",
      "\n",
      " 12%|█▏        | 182/1536 [00:00<00:01, 882.83it/s]\u001b[A\u001b[A\n",
      "\n",
      " 18%|█▊        | 271/1536 [00:00<00:01, 869.71it/s]\u001b[A\u001b[A\n",
      "\n",
      " 24%|██▎       | 362/1536 [00:00<00:01, 881.87it/s]\u001b[A\u001b[A\n",
      "\n",
      " 29%|██▉       | 451/1536 [00:00<00:01, 773.74it/s]\u001b[A\u001b[A\n",
      "\n",
      " 35%|███▌      | 541/1536 [00:00<00:01, 811.84it/s]\u001b[A\u001b[A\n",
      "\n",
      " 41%|████      | 632/1536 [00:00<00:01, 841.27it/s]\u001b[A\u001b[A\n",
      "\n",
      " 47%|████▋     | 723/1536 [00:00<00:00, 861.22it/s]\u001b[A\u001b[A\n",
      "\n",
      " 53%|█████▎    | 813/1536 [00:00<00:00, 872.68it/s]\u001b[A\u001b[A\n",
      "\n",
      " 59%|█████▊    | 901/1536 [00:01<00:00, 843.12it/s]\u001b[A\u001b[A\n",
      "\n",
      " 64%|██████▍   | 987/1536 [00:01<00:00, 847.88it/s]\u001b[A\u001b[A\n",
      "\n",
      " 70%|███████   | 1076/1536 [00:01<00:00, 858.28it/s]\u001b[A\u001b[A\n",
      "\n",
      " 76%|███████▌  | 1163/1536 [00:01<00:00, 818.61it/s]\u001b[A\u001b[A\n",
      "\n",
      " 81%|████████  | 1246/1536 [00:01<00:00, 738.81it/s]\u001b[A\u001b[A\n",
      "\n",
      " 86%|████████▌ | 1322/1536 [00:01<00:00, 705.61it/s]\u001b[A\u001b[A\n",
      "\n",
      " 91%|█████████ | 1394/1536 [00:01<00:00, 673.85it/s]\u001b[A\u001b[A\n",
      "\n",
      "100%|██████████| 1536/1536 [00:01<00:00, 799.31it/s]\u001b[A\u001b[A\n",
      "\n",
      " 73%|███████▎  | 8/11 [00:10<00:04,  1.56s/it]\u001b[A"
     ]
    },
    {
     "name": "stdout",
     "output_type": "stream",
     "text": [
      "1.768686927714891\n",
      "0.25696646537086726\n",
      "2.0256533930857583\n",
      "0.02976938509109306\n",
      "estimating kalman gain\n"
     ]
    },
    {
     "name": "stderr",
     "output_type": "stream",
     "text": [
      "\n",
      "\n",
      "  0%|          | 0/1664 [00:00<?, ?it/s]\u001b[A\u001b[A\n",
      "\n",
      "  5%|▍         | 75/1664 [00:00<00:02, 743.66it/s]\u001b[A\u001b[A\n",
      "\n",
      " 10%|▉         | 164/1664 [00:00<00:01, 825.30it/s]\u001b[A\u001b[A\n",
      "\n",
      " 15%|█▌        | 253/1664 [00:00<00:01, 850.53it/s]\u001b[A\u001b[A\n",
      "\n",
      " 20%|██        | 341/1664 [00:00<00:01, 860.35it/s]\u001b[A\u001b[A\n",
      "\n",
      " 26%|██▌       | 431/1664 [00:00<00:01, 871.21it/s]\u001b[A\u001b[A\n",
      "\n",
      " 31%|███▏      | 520/1664 [00:00<00:01, 875.16it/s]\u001b[A\u001b[A\n",
      "\n",
      " 37%|███▋      | 610/1664 [00:00<00:01, 881.60it/s]\u001b[A\u001b[A\n",
      "\n",
      " 42%|████▏     | 700/1664 [00:00<00:01, 886.13it/s]\u001b[A\u001b[A\n",
      "\n",
      " 47%|████▋     | 789/1664 [00:00<00:01, 860.01it/s]\u001b[A\u001b[A\n",
      "\n",
      " 53%|█████▎    | 876/1664 [00:01<00:00, 843.71it/s]\u001b[A\u001b[A\n",
      "\n",
      " 58%|█████▊    | 965/1664 [00:01<00:00, 855.68it/s]\u001b[A\u001b[A\n",
      "\n",
      " 63%|██████▎   | 1052/1664 [00:01<00:00, 859.02it/s]\u001b[A\u001b[A\n",
      "\n",
      " 69%|██████▊   | 1142/1664 [00:01<00:00, 869.95it/s]\u001b[A\u001b[A\n",
      "\n",
      " 74%|███████▍  | 1232/1664 [00:01<00:00, 875.98it/s]\u001b[A\u001b[A\n",
      "\n",
      " 79%|███████▉  | 1320/1664 [00:01<00:00, 764.03it/s]\u001b[A\u001b[A\n",
      "\n",
      " 84%|████████▍ | 1406/1664 [00:01<00:00, 788.21it/s]\u001b[A\u001b[A\n",
      "\n",
      " 89%|████████▉ | 1487/1664 [00:01<00:00, 729.32it/s]\u001b[A\u001b[A\n",
      "\n",
      " 94%|█████████▍| 1562/1664 [00:01<00:00, 690.61it/s]\u001b[A\u001b[A\n",
      "\n",
      "100%|██████████| 1664/1664 [00:02<00:00, 790.56it/s]\u001b[A\u001b[A\n",
      "\n",
      " 82%|████████▏ | 9/11 [00:12<00:03,  1.74s/it]\u001b[A"
     ]
    },
    {
     "name": "stdout",
     "output_type": "stream",
     "text": [
      "1.7685347653445935\n",
      "0.26280935492628116\n",
      "2.0313441202708744\n",
      "0.031018282531252588\n",
      "estimating kalman gain\n"
     ]
    },
    {
     "name": "stderr",
     "output_type": "stream",
     "text": [
      "\n",
      "\n",
      "  0%|          | 0/1792 [00:00<?, ?it/s]\u001b[A\u001b[A\n",
      "\n",
      "  3%|▎         | 61/1792 [00:00<00:02, 607.49it/s]\u001b[A\u001b[A\n",
      "\n",
      "  8%|▊         | 137/1792 [00:00<00:02, 696.94it/s]\u001b[A\u001b[A\n",
      "\n",
      " 13%|█▎        | 228/1792 [00:00<00:01, 790.29it/s]\u001b[A\u001b[A\n",
      "\n",
      " 18%|█▊        | 318/1792 [00:00<00:01, 832.90it/s]\u001b[A\u001b[A\n",
      "\n",
      " 22%|██▏       | 402/1792 [00:00<00:01, 828.81it/s]\u001b[A\u001b[A\n",
      "\n",
      " 27%|██▋       | 485/1792 [00:00<00:01, 826.93it/s]\u001b[A\u001b[A\n",
      "\n",
      " 32%|███▏      | 572/1792 [00:00<00:01, 840.69it/s]\u001b[A\u001b[A\n",
      "\n",
      " 37%|███▋      | 663/1792 [00:00<00:01, 862.21it/s]\u001b[A\u001b[A\n",
      "\n",
      " 42%|████▏     | 751/1792 [00:00<00:01, 866.88it/s]\u001b[A\u001b[A\n",
      "\n",
      " 47%|████▋     | 842/1792 [00:01<00:01, 877.89it/s]\u001b[A\u001b[A\n",
      "\n",
      " 52%|█████▏    | 933/1792 [00:01<00:00, 886.50it/s]\u001b[A\u001b[A\n",
      "\n",
      " 57%|█████▋    | 1024/1792 [00:01<00:00, 893.32it/s]\u001b[A\u001b[A\n",
      "\n",
      " 62%|██████▏   | 1114/1792 [00:01<00:00, 895.21it/s]\u001b[A\u001b[A\n",
      "\n",
      " 67%|██████▋   | 1204/1792 [00:01<00:00, 888.26it/s]\u001b[A\u001b[A\n",
      "\n",
      " 72%|███████▏  | 1296/1792 [00:01<00:00, 894.55it/s]\u001b[A\u001b[A\n",
      "\n",
      " 77%|███████▋  | 1386/1792 [00:01<00:00, 895.81it/s]\u001b[A\u001b[A\n",
      "\n",
      " 82%|████████▏ | 1476/1792 [00:01<00:00, 895.44it/s]\u001b[A\u001b[A\n",
      "\n",
      " 87%|████████▋ | 1567/1792 [00:01<00:00, 897.89it/s]\u001b[A\u001b[A\n",
      "\n",
      " 93%|█████████▎| 1659/1792 [00:01<00:00, 901.85it/s]\u001b[A\u001b[A\n",
      "\n",
      "100%|██████████| 1792/1792 [00:02<00:00, 869.58it/s]\u001b[A\u001b[A\n",
      "\n",
      " 91%|█████████ | 10/11 [00:14<00:01,  1.84s/it]\u001b[A"
     ]
    },
    {
     "name": "stdout",
     "output_type": "stream",
     "text": [
      "1.7681686281870028\n",
      "0.2582960609269133\n",
      "2.026464689113916\n",
      "0.02956741707808519\n",
      "estimating kalman gain\n"
     ]
    },
    {
     "name": "stderr",
     "output_type": "stream",
     "text": [
      "\n",
      "\n",
      "  0%|          | 0/1920 [00:00<?, ?it/s]\u001b[A\u001b[A\n",
      "\n",
      "  5%|▍         | 90/1920 [00:00<00:02, 896.04it/s]\u001b[A\u001b[A\n",
      "\n",
      "  9%|▉         | 180/1920 [00:00<00:01, 887.48it/s]\u001b[A\u001b[A\n",
      "\n",
      " 14%|█▍        | 270/1920 [00:00<00:01, 889.30it/s]\u001b[A\u001b[A\n",
      "\n",
      " 19%|█▉        | 360/1920 [00:00<00:01, 890.75it/s]\u001b[A\u001b[A\n",
      "\n",
      " 24%|██▎       | 452/1920 [00:00<00:01, 897.79it/s]\u001b[A\u001b[A\n",
      "\n",
      " 28%|██▊       | 543/1920 [00:00<00:01, 900.67it/s]\u001b[A\u001b[A\n",
      "\n",
      " 33%|███▎      | 634/1920 [00:00<00:01, 871.61it/s]\u001b[A\u001b[A\n",
      "\n",
      " 38%|███▊      | 722/1920 [00:00<00:01, 853.76it/s]\u001b[A\u001b[A\n",
      "\n",
      " 42%|████▏     | 812/1920 [00:00<00:01, 864.63it/s]\u001b[A\u001b[A\n",
      "\n",
      " 47%|████▋     | 899/1920 [00:01<00:01, 846.84it/s]\u001b[A\u001b[A\n",
      "\n",
      " 51%|█████▏    | 987/1920 [00:01<00:01, 854.14it/s]\u001b[A\u001b[A\n",
      "\n",
      " 56%|█████▌    | 1073/1920 [00:01<00:00, 849.28it/s]\u001b[A\u001b[A\n",
      "\n",
      " 60%|██████    | 1159/1920 [00:01<00:00, 840.21it/s]\u001b[A\u001b[A\n",
      "\n",
      " 65%|██████▍   | 1244/1920 [00:01<00:00, 837.67it/s]\u001b[A\u001b[A\n",
      "\n",
      " 69%|██████▉   | 1328/1920 [00:01<00:00, 834.05it/s]\u001b[A\u001b[A\n",
      "\n",
      " 74%|███████▍  | 1419/1920 [00:01<00:00, 855.12it/s]\u001b[A\u001b[A\n",
      "\n",
      " 78%|███████▊  | 1507/1920 [00:01<00:00, 861.80it/s]\u001b[A\u001b[A\n",
      "\n",
      " 83%|████████▎ | 1594/1920 [00:01<00:00, 848.71it/s]\u001b[A\u001b[A\n",
      "\n",
      " 88%|████████▊ | 1684/1920 [00:01<00:00, 863.66it/s]\u001b[A\u001b[A\n",
      "\n",
      " 92%|█████████▏| 1771/1920 [00:02<00:00, 849.42it/s]\u001b[A\u001b[A\n",
      "\n",
      "100%|██████████| 1920/1920 [00:02<00:00, 862.21it/s]\u001b[A\u001b[A\n",
      "\n",
      "100%|██████████| 11/11 [00:16<00:00,  1.50s/it]\u001b[A\n",
      " 18%|█▊        | 2/11 [00:16<01:14,  8.28s/it]"
     ]
    },
    {
     "name": "stdout",
     "output_type": "stream",
     "text": [
      "1.7680920648595848\n",
      "0.2644828952563587\n",
      "2.0325749601159435\n",
      "0.030487371692929914\n"
     ]
    },
    {
     "name": "stderr",
     "output_type": "stream",
     "text": [
      "\n",
      "  0%|          | 0/11 [00:00<?, ?it/s]\u001b[A\n",
      "\n",
      "  0%|          | 0/896 [00:00<?, ?it/s]\u001b[A\u001b[A\n",
      "\n",
      " 16%|█▌        | 139/896 [00:00<00:00, 1381.05it/s]\u001b[A\u001b[A\n",
      "\n",
      " 31%|███       | 278/896 [00:00<00:00, 1374.55it/s]\u001b[A\u001b[A\n",
      "\n",
      " 46%|████▋     | 416/896 [00:00<00:00, 1376.38it/s]\u001b[A\u001b[A\n",
      "\n",
      " 62%|██████▏   | 554/896 [00:00<00:00, 1376.34it/s]\u001b[A\u001b[A\n",
      "\n",
